Input:
B = 
[[0. 0. 0.]
 [1. 0. 0.]
 [1. 1. 0.]
 [1. 0. 1.]]
u = [0.32425372 0.42872047 0.16597004 0.08105577]
d = [0.33954574 0.32731101 0.33314325]
e = [0.33333333 0.33333333 0.33333333]
C = 
[[0.33333333 0.33333333 0.33333333]
 [0.33333333 0.33333333 0.33333333]
 [0.36961896 0.2970477  0.33333333]
 [0.3356784  0.33333333 0.33098827]]
C_sgn = 
[[ 0  0  0]
 [ 0  0  0]
 [ 1 -1  0]
 [ 1  0 -1]]
eps = 1e-05
alpha = 0.99

Solution:
Objective value = -7.424394732585066
solution = 
[[0.33333333 0.33333333 0.33333333]
 [0.33333333 0.33333333 0.33333333]
 [0.36962385 0.2970477  0.33333333]
 [0.3356684  0.33333333 0.33098827]]
solution_sgn = 
[[ 0  0  0]
 [ 0  0  0]
 [ 1 -1  0]
 [ 1  0 -1]]
norm = 9.274034092647036e-07
