2.793671088765890820e-02
3.204877961259251784e-02
3.417207417701215166e-02
3.333330887433248041e-02
3.464682698619211271e-02
3.619109815692876653e-02
3.441415972309157245e-02
3.397024478432294353e-02
3.333330887433248041e-02
3.578580551808773630e-02
3.318821918815677285e-02
3.252809523818472187e-02
3.485778469030051396e-02
3.333330887433248041e-02
3.566863945730257973e-02
3.715326818320678626e-02
3.394921979163546127e-02
3.350052812181484457e-02
3.333330887433248041e-02
2.962708985381134336e-02
3.333330887433248041e-02
2.629704103221729150e-02
3.341978773166494332e-02
3.333330887433248041e-02
3.867221394226444398e-02
3.298683332994023498e-02
2.887066651134385931e-02
3.333330887433248041e-02
2.594823826129790539e-02
4.083277893061864477e-02
