1.459046519249040073e-02 5.000000000000000278e-02 5.000000000000000278e-02 5.000000000000000278e-02 5.000000000000000278e-02 5.000000000000000278e-02 5.000000000000000278e-02 5.000000000000000278e-02 5.000000000000000278e-02 5.000000000000000278e-02 5.000000000000000278e-02
5.000000000000000278e-02 1.459046519249040073e-02 5.000000000000000278e-02 5.000000000000000278e-02 5.000000000000000278e-02 5.000000000000000278e-02 5.000000000000000278e-02 5.000000000000000278e-02 5.000000000000000278e-02 5.000000000000000278e-02 5.000000000000000278e-02
5.000000000000000278e-02 5.000000000000000278e-02 5.000000000000000278e-02 5.000000000000000278e-02 5.000000000000000278e-02 5.000000000000000278e-02 5.000000000000000278e-02 5.000000000000000278e-02 9.985248982377389892e-03 5.000000000000000278e-02 5.000000000000000278e-02
5.000000000000000278e-02 5.000000000000000278e-02 5.000000000000000278e-02 1.459046519249040073e-02 5.000000000000000278e-02 5.000000000000000278e-02 5.000000000000000278e-02 5.000000000000000278e-02 5.000000000000000278e-02 5.000000000000000278e-02 5.000000000000000278e-02
5.000000000000000278e-02 5.000000000000000278e-02 5.000000000000000278e-02 5.000000000000000278e-02 1.459046519249040073e-02 5.000000000000000278e-02 5.000000000000000278e-02 5.000000000000000278e-02 5.000000000000000278e-02 5.000000000000000278e-02 5.000000000000000278e-02
5.000000000000000278e-02 5.000000000000000278e-02 5.000000000000000278e-02 5.000000000000000278e-02 5.000000000000000278e-02 1.459046519249040073e-02 5.000000000000000278e-02 5.000000000000000278e-02 5.000000000000000278e-02 5.000000000000000278e-02 5.000000000000000278e-02
5.000000000000000278e-02 5.000000000000000278e-02 5.000000000000000278e-02 5.000000000000000278e-02 5.000000000000000278e-02 5.000000000000000278e-02 1.459046519249040073e-02 5.000000000000000278e-02 9.985248982377389892e-03 5.000000000000000278e-02 5.000000000000000278e-02
5.000000000000000278e-02 5.000000000000000278e-02 5.000000000000000278e-02 5.000000000000000278e-02 5.000000000000000278e-02 5.000000000000000278e-02 5.000000000000000278e-02 1.459046519249040073e-02 5.000000000000000278e-02 5.000000000000000278e-02 5.000000000000000278e-02
5.000000000000000278e-02 5.000000000000000278e-02 5.000000000000000278e-02 5.000000000000000278e-02 5.000000000000000278e-02 5.000000000000000278e-02 5.000000000000000278e-02 5.000000000000000278e-02 5.000000000000000278e-02 5.000000000000000278e-02 5.000000000000000278e-02
5.000000000000000278e-02 5.000000000000000278e-02 5.000000000000000278e-02 5.000000000000000278e-02 5.000000000000000278e-02 5.000000000000000278e-02 5.000000000000000278e-02 5.000000000000000278e-02 5.000000000000000278e-02 1.459046519249040073e-02 5.000000000000000278e-02
5.000000000000000278e-02 5.000000000000000278e-02 5.000000000000000278e-02 5.000000000000000278e-02 5.000000000000000278e-02 5.000000000000000278e-02 5.000000000000000278e-02 5.000000000000000278e-02 5.000000000000000278e-02 5.000000000000000278e-02 1.459046519249040073e-02
