3.333330887433248041e-02
3.333330887433248041e-02
3.333330887433248041e-02
3.333330887433248041e-02
3.333330887433248041e-02
3.333330887433248041e-02
2.497879453637085259e-02
3.076763438745545517e-02
2.693001875857468919e-02
2.251959280735044491e-02
2.730289092453756783e-02
3.333330887433248041e-02
3.333330887433248041e-02
2.707190381145693076e-02
5.679989638087768605e-02
2.978308163513516266e-02
2.605931179159485730e-02
3.655909741562284737e-02
3.061363303843239736e-02
2.897500799509840352e-02
3.333330887433248041e-02
3.725175224460151868e-02
3.333330887433248041e-02
3.570951848269322132e-02
3.874405789475147271e-02
3.431606140981793146e-02
3.333330887433248041e-02
4.140756904883730743e-02
4.420973717477588716e-02
3.333330887433248735e-02
